aspirin.train
 F
   1.0000000000000000     
   0.0000000000000000     
           3
C 
O 
H 
  0.00000000000000000E+00  0.00000000000000000E+00  0.00000000000000000E+00
          42
           2
   0.0000000000000000        0.0000000000000000        0.0000000000000000     
/home/linux1_i1/pan/Forschungs_praktikum/Forschungspraktikum/example_input/aspirin_1.xsf
          21           3
   0.0000000000000000     
           1
   6.3156009999999991        3.3428010000000001        1.3616009999999998     
   0.0000000000000000        0.0000000000000000        0.0000000000000000     
          44
  1.16969755848000929E+01 -3.56317013917860281E+00 -7.40443042548443220E+00  6.36362885873656303E+00  5.75199124971421116E-01 -3.23457750897549001E+00  8.48878228968754422E-01  8.78310300234039554E-01  9.93357761584035104E-01 -1.52852819642445237E+00 -6.36706606318838353E-01  6.36353322607939642E-01 -2.34828833681341664E-01  2.34570543824959499E+00 -2.05374769490438647E+00 -2.20465127304958974E+00  4.59189083511944407E+00  4.04158078700227748E+01  2.03538841947946825E+00 -3.67269976861777669E+00 -2.04134917561608331E+00 -3.39325855044656244E+00 -1.72168993944291682E+00  1.20387350300053342E+00  8.28047928499804575E-01 -2.56134807730025305E+00  1.35427994094611437E+00  1.45266321491138983E+00 -3.03215684042424938E+00  1.05871590281153805E+00  2.70711758835082517E+00 -2.09459303122097484E+00 -1.79329379281706025E+00  1.57737408507904942E+00  2.05040525969801601E+00 -2.63458052868755077E+00 -1.37683489291669958E+00  4.91313440762880482E+00 -2.23147510324613441E+00 -1.00357779053784357E+00  3.70879204485334180E+00 -1.91799047170593751E+00 -2.29008401383392046E+00 -8.54223064734944693E-01 
           1
   4.9187010000000004        5.6450010000000006       0.67370099999999977     
   0.0000000000000000        0.0000000000000000        0.0000000000000000     
          44
  1.20638622207905950E+01 -3.43191461941741238E+00 -7.81850708211015721E+00  5.78366989801143383E+00  9.41292815388819371E-01 -1.98696330256180786E+00  9.30924704134995173E-01 -7.56485416066664973E-01  9.98385079228061301E-02 -2.46476303331691404E-01  1.00100777377223560E+00  3.02634070757128504E-01 -2.18634591354337493E+00  1.75660111750726600E+00 -1.14489778124787889E-01 -1.26824837675423896E+00  2.62720250860719062E+00  4.17223629876761350E+01  2.95350265993448291E+00 -5.22920598292558481E+00 -1.38704976282846559E-01 -4.14181853754441764E+00 -1.71674162424296428E+00  1.28657801237906400E+00  1.01362794651317722E+00 -2.99272702246005284E+00  5.72049928495859894E-01  2.53820015410896227E+00 -1.39200636813476208E+00 -6.70955709999409899E-01  4.83651216019614916E-01 -1.44864174448241845E-01  1.64937713379927353E-01 -1.12383796085642251E-01  1.19235629864934811E+00 -1.37918547796143232E+00 -1.76474686280782866E+00  4.02893057422167189E+00 -1.21808477878011279E+00 -6.91721952592737055E-01  3.61227413525678021E+00 -2.15253256667123738E+00 -2.60151067498843780E+00  5.26429200396337893E-01 
           1
   6.9472009999999988        4.5675009999999991        1.3708009999999999     
   0.0000000000000000        0.0000000000000000        0.0000000000000000     
          44
  1.04913563933315217E+01 -3.18376040777074731E+00 -6.12299764745139719E+00  5.17072691653733418E+00 -6.40354142719921970E-01 -1.06640073601397045E+00  1.60484110670905800E+00 -2.22120310180898883E+00  6.80717361520388198E-01  1.69778031384060224E+00 -3.09629828839742993E-01 -1.36765353833778480E+00 -8.71199760655493094E-01  2.44480209753802002E+00 -1.05912999803699970E+00 -1.16123352172984129E+00  3.07958349036301238E+00  3.12923485711287483E+01  3.25888114966776143E+00 -3.00944312088570598E+00  4.01879253032275507E-01 -2.98092183384074660E+00 -1.46949571982342686E+00  5.98660098776046312E-01  1.10825201075775959E+00 -1.24179089253959907E+00 -1.00409399754096615E-01  6.51835754789943267E-01 -5.72970485240552385E-01  2.91265785739562966E-01 -2.34150204752354707E-02  2.68783094461685912E-02  2.64607900999515921E-01 -5.94918766082231709E-01  1.37569102347085925E+00 -1.31465215374505773E+00 -1.89143005689141974E+00  4.11484283581861376E+00 -1.73320477249322180E+00 -1.82043010238551140E+00  3.75597341658421069E+00 -1.79285889437740220E+00 -2.46582708926952998E+00  2.17872558426272356E+00 
           1
   6.2514009999999995        5.7154009999999991        1.0283009999999999     
   0.0000000000000000        0.0000000000000000        0.0000000000000000     
          44
  1.05759240618862833E+01 -3.11075641937757608E+00 -6.10864468649102665E+00  5.01111757059441310E+00 -9.60507093656971067E-01 -1.09753193939642979E+00  2.19235406889293483E+00 -1.65844968968994388E+00  3.54271453150741211E-01  7.73476301502000196E-01 -7.11304245730871365E-01 -7.91581765355614642E-01 -7.43501181685152224E-02  2.60976102858860237E+00 -1.47652188604849077E+00 -1.66201515150591916E+00  2.91414025443670699E+00  3.08017593234201748E+01  3.18424864947532793E+00 -3.26167123506812917E+00  2.09702973965433304E-01 -3.47917831503916686E+00 -1.49615230625709517E+00  6.14832605927869369E-01  1.23181225918243764E+00 -1.19757918714811029E+00 -4.50095219976980432E-01  2.72112810757227819E-01 -1.41633120911139332E-01  1.18841107360374543E+00 -1.32462474912702577E-01 -1.04315891881291289E+00 -3.81134876167629200E-02  6.38551719419594432E-02  1.52828098828791603E+00 -1.63951622270694397E+00 -1.39368583869376295E+00  4.89770475577908559E+00 -2.50777877890762513E+00 -1.69766368315655347E+00  3.96625351733644482E+00 -1.77661491456315357E+00 -2.54782638590700738E+00  1.48066135662617748E+00 
           1
  0.59250099999999994        4.2172010000000002        1.0090010000000000     
   0.0000000000000000        0.0000000000000000        0.0000000000000000     
          44
  9.16852656761588669E+00 -2.73291285978732779E+00 -4.36221393398810164E+00  3.02272709304749787E+00 -1.64115483132694728E+00  1.90874400272865863E+00 -8.89838388036106598E-02 -2.22902593846574160E+00  2.98947051131302954E+00 -1.60005207379994197E+00 -2.55658613050507078E-01  5.57786890515738154E-01 -1.67295351745089671E+00  3.67893761247004436E+00 -1.94030676781245637E+00 -2.38213319829804959E+00  3.60924746415905728E+00  2.16183645694623188E+01  1.46398465404133593E+00 -7.54396853123153832E+00  6.44627145169821780E+00 -1.49953461445032610E+00  4.70130940390462992E-01 -1.58943417365678763E+00  1.82442508132003467E+00  1.27868406360785913E+00 -3.29602033053260213E+00  1.72025321808175380E+00 -1.06648928230238457E-01 -3.94323622166576238E-01  1.42958773315261323E+00 -2.78017220769613882E+00  2.46349178942439551E+00  5.86318091713050493E-01 -3.28300139910909561E+00  2.83509509164896389E+00 -1.57239751378660308E+00  1.21291269587908479E-01  2.83087160494664269E+00 -1.30509976086609369E+00  1.60155010144966448E+00  2.29019532080789423E+00 -8.31301641202583985E-01 -1.00143287766955566E-01 
           1
   4.9673010000000000        3.2572009999999998        1.0047009999999996     
   0.0000000000000000        0.0000000000000000        0.0000000000000000     
          44
  1.34045243796279152E+01 -4.31107740501759640E+00 -9.01348914797176626E+00  8.51192267902148814E+00  8.92189259850835636E-01 -5.33516584222250856E+00  2.96638646202309753E+00  6.36380001773456438E-01 -2.00163990036317418E+00  4.59235538441847169E-01  1.27380951839682188E+00  6.37805509022771888E-02 -2.13573133470567367E+00  1.02993059112795238E+00  1.24802945672350640E+00 -1.59650019445036628E+00  1.54355180566813321E+00  5.67133108846674716E+01 -2.06964795377107968E+00 -6.58790213702378491E+00 -3.03375777190339098E-02 -4.05361823969325563E+00 -1.95321562085867528E+00  2.24546251500849525E+00 -5.03839728664779773E-01 -3.57408085081827487E+00  4.01796788684711359E+00  3.55947729598103002E-01 -3.31128685575304793E+00  2.08426809622215004E+00  1.16370467865616889E-01 -7.84468762839089839E-01  1.76944553509601865E-01 -1.87437670192138195E-01  2.14171613454759635E+00 -2.79949038639775249E+00 -1.57117851696493949E+00  6.04111353837557896E+00 -2.98988585128254281E+00  2.92718717602422851E-01 -1.27401671263725458E+00 -2.49215129807478775E+00 -1.39324364531207912E+00 -2.37191739108914668E+00 
           1
   4.2671010000000003        4.4210009999999995       0.65840099999999990     
   0.0000000000000000        0.0000000000000000        0.0000000000000000     
          44
  1.37066189382379520E+01 -4.38311988814572295E+00 -9.38760142335554093E+00  8.55873439891507459E+00  1.69134460062819092E+00 -5.26630407036195969E+00  1.39351037214264473E+00  7.05539932086618915E-01  4.33228116254064100E-02  3.59316699309304266E-01 -7.11157262549821478E-01 -5.63084569878730234E-01  1.00901014963525021E-01  2.63693229687930408E+00 -2.07351945656688130E+00 -3.12035595695712242E+00  5.80385096676844103E+00  5.97921349045551409E+01 -1.90005260257279351E+00 -9.03254435838201353E+00  6.51495901264138944E+00 -3.28799380370627059E+00 -1.90923405070293462E+00  2.24733979708200060E+00 -3.80543226577635285E-01 -4.14183162321703957E+00  4.19150230859528872E+00  1.98285959457419825E+00 -5.05734744099726274E+00  4.54813729990283577E-01  3.47888478153945169E+00 -6.81742782976076267E-01 -2.76755437194636800E+00  8.42802601717081878E-01  2.74011437119638712E+00 -2.64091841247323256E+00 -4.10195161197323799E-01  3.23258937935489943E+00 -3.62439057896531880E+00  2.72053695987153343E-01 -1.03728791960533417E+00 -2.92578997234052052E+00 -6.95935749703749829E-01 -2.74452669586520592E+00 
           2
   3.1130009999999997        1.8794010000000001       0.68010099999999984     
   0.0000000000000000        0.0000000000000000        0.0000000000000000     
          44
  1.13644562395041504E+01 -2.40527776682382166E+00 -8.72533829525466054E+00  5.01525515123818710E+00  3.57543171159405837E+00 -4.04721702855123766E+00 -1.11962294076405067E-01  2.06209668673206536E+00 -1.20309714647055199E+00 -5.76510071896995102E-01  1.71639755948893713E+00 -1.21803425695315637E+00 -9.38645246977048431E-01  2.62897201605336583E+00 -1.40357813131345233E+00 -1.34479911894483628E+00  2.65375074959571666E+00  3.42794633120545242E+01  7.13377446776779767E+00 -4.73021400081255905E+00 -1.72238779370232442E+00 -5.29941287400109218E+00 -1.92130301879792764E+00  1.17684741078751798E+00  8.72869395676173498E-01 -1.97370570474544338E+00  5.01653417034009341E-01  7.68181075863215712E-01 -2.83262816630826308E-01 -1.71505327798259388E-01 -2.35145339459322811E-02  8.22897971999671851E-01 -1.30118786167200118E+00 -6.12118584282925315E-01  2.48443594629032871E+00 -6.91480509816658206E-01 -1.41292433908249770E+00  7.11271779809971361E-01 -2.89101091192436765E-01  1.33613753125688961E-02  2.54511121254028261E+00  1.73971750488201859E+00 -1.78538535814047283E+00 -9.19542164343247537E-01 
           2
   2.4232009999999997        4.6108009999999995        2.4392009999999993     
   0.0000000000000000        0.0000000000000000        0.0000000000000000     
          44
  1.13583695515200933E+01 -2.26833778961858989E+00 -8.85341383081394895E+00  4.69891604601619850E+00  3.94133216971970324E+00 -3.82985078710357119E+00 -4.34319933918633383E-01  2.29550992623887984E+00 -1.48774983792184501E+00 -1.43582541814733622E+00  3.02963559744521005E+00  9.56193909225081518E-02 -3.21160287748957218E+00  1.32011262770565319E+00  1.35493555124445697E+00 -6.09933081853343273E-01 -5.91340585387881146E-02  3.36575446564913605E+01  1.08077105568455156E+01 -9.83396738947793558E+00 -4.20346207379134373E+00 -3.80045711621115334E+00 -1.82897894714768938E+00  1.07836900088672372E+00  8.96707276355766636E-01 -1.67889421614215628E+00  4.47151458201022756E-02  2.89427568491908815E-01  1.01187634714349528E+00  4.82592247766788662E-01 -2.40909913202335701E+00 -2.65221649904830159E-02  2.02788409455397911E+00  3.96068387511715914E-01 -1.16435593432040974E+00 -1.66270360508389903E+00  1.59013084435116214E+00  1.43480716561884103E+00 -1.74951769313631500E+00 -3.16084836055873231E-01  1.55740028371953820E+00 -2.13646928514478474E-03 -2.20849292453416890E+00 -1.31745889207611599E-01 
           2
   4.9620009999999990       0.83360100000000015        1.3253009999999998     
   0.0000000000000000        0.0000000000000000        0.0000000000000000     
          44
  9.22686913863176450E+00 -1.72210114263496172E+00 -5.84985146927042532E+00  2.13397017588904259E+00  6.66483910015310377E-01  7.04736276880910673E-01  6.40984204147073355E-01 -1.62995485723851896E+00 -5.01284618187061937E-01  9.08347583895216193E-01  1.63206464323003653E+00 -2.27733752214077967E+00 -1.25716749673716932E+00  3.80653443750818177E+00 -1.34282032490818581E+00 -1.77286432475289057E+00  2.24042445480351660E+00  1.89894108464113494E+01  5.11462225529632519E+00  3.97109573299782470E-01 -1.60683098328897755E+00 -6.51678998943115984E-01 -1.78694049670275867E+00  2.64619909363774442E-01  2.13911147012376324E+00 -1.04238728131573510E+00 -1.87035581643572746E+00  9.64429831471837917E-01  6.36634824552265832E-01  7.40341199774423808E-01 -5.59103598726393369E-01 -1.24355399899265207E+00  9.79408662641096384E-01 -5.20108989020802048E-01  4.45440054780582295E-01  7.16548820859461477E-01 -1.47090866978523271E+00  1.49187026982065030E+00 -6.85722426292020959E-01 -6.18066973489157956E-01  3.57875915709991155E+00  2.03683405632437609E+00 -1.55430833452381983E-01 -5.14581397589382039E-01 
           1
   4.2853009999999996        1.9499010000000001       0.99170099999999972     
   0.0000000000000000        0.0000000000000000        0.0000000000000000     
          44
  1.19736933453057812E+01 -3.13217336374079247E+00 -8.10987052413282861E+00  5.23689764015100945E+00  1.76054850687790876E+00 -1.39661810033319211E+00 -1.59082989582777223E-01 -1.65593230709496386E+00  1.71558576093970028E+00  4.50902045772627824E-01 -8.35919073104372745E-01  5.39149832826118947E-01 -1.55835344372510032E+00  1.65204444339450052E+00  5.77762141640588256E-01 -2.93161490833326122E+00  2.83376905997343220E+00  4.00212572721126634E+01  2.23125368480397546E+00 -4.00734418957074467E+00  3.66717926737932576E-01 -4.22735888579533103E+00 -1.38667979152537479E+00  9.69914363300177884E-01  9.20662957036727958E-01 -2.09152975863710511E+00 -3.88030674123344022E-01  1.96455169554118658E+00  8.75333561562146256E-01 -1.77829556960020940E+00 -1.73478801004708516E+00  2.10535386452482820E+00  1.59770441574320765E+00 -1.85841617764683287E+00 -7.90129386669199740E-01  3.76938640606375941E-01  9.88689795565327323E-01  7.95398821891512897E-01 -2.31490189817764236E+00 -5.59505484997200542E-01  3.64740106062090153E+00  2.04791438232193757E-01 -4.29744664866838044E-01  9.03942850464015124E-01 
           1
   2.0578010000000000        4.4072009999999997        1.3057010000000000     
   0.0000000000000000        0.0000000000000000        0.0000000000000000     
          44
  1.19783393726213863E+01 -3.54115960820695008E+00 -7.54393298078707719E+00  6.11907048199386949E+00 -5.19501472443117396E-02 -1.99587235364165760E+00  2.53957100335319863E+00 -1.84477941611432628E+00 -7.46492307906613917E-01  1.10262451341227097E+00  5.27223831605284854E-01  5.01178912753921013E-01 -2.22234724925834559E+00  2.08424657363933424E-01  2.13799364364889577E+00 -5.12429580215093439E-01 -9.78421397171039042E-01  4.14533164140481247E+01 -7.31329451855905921E-01 -6.19308819858120874E+00  2.19914133847541438E+00 -8.30636055307961030E+00 -7.07798308087537853E-01  1.74240370012937823E-01  8.47315812421726822E-01 -2.26230281908628761E-01 -1.54254526054413565E+00  1.58381631696266345E-01  2.65834029166048369E+00 -8.85285782452109649E-01 -2.74216967917131260E+00  2.12364209456993214E+00  6.13248886046855679E-01 -1.94131758433169077E+00  2.38651195714176989E+00 -6.80535926258163726E-01 -3.31009177083814565E+00  3.73608740001414752E+00  1.26948925360096987E+00 -1.88347381947918402E+00  2.65273593600637891E+00 -3.65195990131246484E-01 -2.43530934151707612E+00  1.05729665233373946E-01 
           2
   2.9574009999999999        4.3504009999999997       0.31000099999999992     
   0.0000000000000000        0.0000000000000000        0.0000000000000000     
          44
  1.29138891830347031E+01 -3.67444113344703371E+00 -9.24453327467560371E+00  7.46147046431495831E+00  2.23591740226892677E+00 -5.21777797343676664E+00  1.84519279213443976E+00  1.21685953586378726E+00 -2.36470692617612688E+00  1.01933089258474174E+00  2.33905651844889961E+00 -2.73041777093111859E+00 -1.78513683184918559E+00  4.79284958929404326E+00 -1.32022900113476016E+00 -4.22978878493015475E+00  4.97849425376753452E+00  5.01759692988957227E+01  3.05375149581583516E+00 -9.93953429442607295E+00  6.23980792064018708E+00 -2.69699403791036563E+00 -2.29558470914782342E+00  1.90948460769560646E+00  3.62881019001544680E-01 -3.15827897532968382E+00  2.27536834780494157E+00  7.78674294985169824E-01 -1.39488890575399549E+00  9.08058865845720375E-01 -1.52491901766277760E+00  3.45779190495912658E-01  2.37833675285301771E+00 -1.51096124278985156E+00 -1.50966223378130771E+00  4.38300958375265171E-01  2.33421635752262535E+00  3.00668337458585011E-02 -4.36094803374819140E+00  5.42622151843875855E-01  2.35940078965554756E+00 -1.56355463964499131E+00  1.82516101057720825E+00 -9.16737864300976590E-01 
           3
   4.4725009999999994        1.0000000001397780E-006   1.3021010000000000     
   0.0000000000000000        0.0000000000000000        0.0000000000000000     
          44
  7.28034035720607342E+00 -7.64780696409442018E-01 -4.67829899608240485E+00  6.30821108473266001E-01  7.28314595555206612E-01  8.17911678369146466E-01  3.25066903169851318E-01 -5.23550347099435487E-01 -3.87755569407987499E-01 -4.66244362789960065E-01  1.00601014797895782E+00  6.49695438300873507E-03 -1.96651744062859013E-01 -2.58740568225801104E-01 -1.07897861745243029E+00  2.39491362088576842E+00 -3.26680742069875796E-01  9.51329069276883210E+00  7.07980663044059533E+00  2.18411628325933060E+00 -1.03002422837612584E+00 -1.42732056020840892E+00 -2.18663609128085845E+00  3.83801042356715028E-01  1.78121090514277203E+00 -5.51017339854004473E-01 -7.41077361345934160E-01 -2.29064137624480135E-01 -2.69997239138604850E-01  1.02177617466561110E+00  3.94886542334579982E-01 -9.40749311304040714E-01  4.04537578942076981E-01  1.50527759250418447E-01 -1.08078130601694555E+00  5.44690066468740186E-01  7.08578327081463399E-01 -5.63363791343425069E-01  3.91793565736188343E-01  6.14653262971621928E-01  7.61606891119974150E-01  1.05435852750867043E+00  1.12179397101673928E+00  7.04664500584480047E-01 
           3
   6.8630010000000006        2.4500010000000003        1.6254009999999999     
   0.0000000000000000        0.0000000000000000        0.0000000000000000     
          44
  9.77753076868779658E+00 -2.14789633821273807E+00 -7.01275549953380750E+00  4.16576434260362305E+00  2.25595393125169785E+00 -2.78247877095091933E+00 -1.13902741941220298E-02  8.83216609479039683E-01 -5.67384766784367445E-01  3.43923379503931925E-01  1.09374983996086628E+00 -1.61953193840086329E+00 -6.57063198485255962E-02  1.47039638375565929E+00 -2.24585242104988181E+00  1.52366523432515288E+00  2.20228580682988762E+00  2.48349371171707354E+01  9.89615648858184116E+00 -1.96868419624671742E+00 -1.73631660049517911E+00 -2.30416860332639439E+00 -3.18829748727582762E+00  1.59863526667374733E+00  1.55216084876308513E+00 -2.61273312178894557E+00  7.96933077270300827E-01  1.02100630834294548E+00 -8.71585515342572670E-01 -3.66678434799388220E-01  7.24111845398620613E-02  1.00921830023533432E+00 -2.21071675181945648E-01 -7.13099807882935366E-01 -4.73930340301121911E-02  3.92688562028714494E-01  1.15642360836292246E+00 -1.83112458590498761E+00 -5.97504941537474465E-01  2.37854904519741961E+00  3.41795082299407449E+00  2.75683173218997268E+00 -1.23325023414844481E+00 -1.04856207641933041E+00 
           3
   4.3832009999999988        6.5443009999999999       0.40750099999999984     
   0.0000000000000000        0.0000000000000000        0.0000000000000000     
          44
  1.03026692190798510E+01 -1.83330753208118757E+00 -7.68748845593462971E+00  3.23311707993314323E+00  3.08794332557536544E+00 -1.54018751200272508E+00 -7.05036203307630283E-01 -1.77510669432841550E-02 -1.63613420419722488E-01  5.63117242216945924E-01  1.07112577382812257E+00 -1.43776509467817415E+00 -7.16462406842007238E-01  1.38179820710363233E+00 -6.78130179908468245E-01  1.16082607039768604E+00 -1.85379053791677295E-01  2.56598612040343603E+01  1.14519011363566374E+01 -3.06855886395021482E+00 -2.58169680490772890E+00 -2.49455982795975828E+00 -3.20059918357761086E+00  1.74397785736779509E+00  1.76269540120257373E+00 -3.07703389660817272E+00  2.41520677929749628E-02  1.75293929671386128E+00  5.23951650609652653E-01 -1.25278521923323782E+00 -1.53542836153432494E+00  2.10060701507882541E+00  1.09720627934691284E+00 -2.00234394819272010E+00 -7.19121702235879123E-01  1.50928411350889657E+00  7.75349577723067229E-01 -2.41122255163950383E+00  1.09001946682785800E+00  3.06147598326444559E+00  3.36880513995139008E+00  2.16242888791348253E+00 -7.12561345238471255E-01 -1.30235907558346042E+00 
           3
   7.9893009999999984        4.6327010000000008        1.6468009999999995     
   0.0000000000000000        0.0000000000000000        0.0000000000000000     
          44
  8.13003320038422217E+00 -1.71886240459903084E+00 -5.45249528902707947E+00  2.95487174601852143E+00  8.24602905184654844E-01 -1.21642238331938168E+00  1.29706587265093409E+00 -1.97032541038382525E-01 -1.36033440685714879E+00  4.43425550391506995E-01  8.69562987159451461E-01 -1.18142910137566481E+00  9.18959859429502646E-01  1.27527471210775212E+00 -3.04132226492411606E+00  1.09779923427251758E+00  2.00686159717665102E+00  1.57953231030695687E+01  9.66007827926539520E+00  5.90515040398847280E-01 -1.93100511821879861E+00 -1.72610273141943549E+00 -2.74773148971533798E+00  1.04864565291864764E+00  1.38126869150668963E+00 -1.35497598086071336E+00  1.44407294171420286E-01 -2.32278310352835637E-01  7.80968956374571532E-01  3.69797201592657498E-01 -1.93420360326450069E+00  1.17791117223117237E+00  1.19524488472305235E+00 -1.82224366128035475E+00 -2.65581982910571557E-01  1.83452535257423022E+00 -6.57626816780986223E-02 -2.89325852538740591E+00  1.74324410878239222E+00  7.95769182975587408E-01  1.76536414103375816E+00  3.41696424968534052E+00  2.15705380105968869E+00 -1.22974828318102003E+00 
           3
   6.7544009999999997        6.6711009999999993        1.0382009999999999     
   0.0000000000000000        0.0000000000000000        0.0000000000000000     
          44
  8.12945633632949338E+00 -1.67686954444926473E+00 -5.33159556891449604E+00  3.05043935569757263E+00  6.95996536519414066E-01 -1.57730856517271922E+00  1.03839415712807703E+00 -3.61751151950397143E-02 -8.94935808885062412E-01  7.91824433136485095E-01  7.98838072071645255E-01 -1.60233324588610349E+00  5.36456455062731319E-01  1.29199093486625216E+00 -2.64750043983877870E+00  1.48292322616942363E+00  1.95274612931970215E+00  1.56459772199920621E+01  9.60511748899287277E+00  5.45145463580502865E-01 -2.13674079911674175E+00 -1.94443588167497294E+00 -2.82738426779257956E+00  1.00752049655365949E+00  1.48429189794103067E+00 -1.10990301648963130E+00  2.26250706743893637E-01 -6.05420597222711687E-01  2.65425329559054402E-01  4.24241002030364966E-01 -1.26700355305123402E+00  1.55003055734083883E+00  7.20448013898009054E-01 -2.39179285378639683E+00  1.63550322305811013E-02  2.59326502653802349E+00 -1.86821677726026758E-02 -3.75334561171288250E+00  1.15425865382094517E+00  7.81397616364835290E-01  1.74678163007571641E+00  3.41431866731466416E+00  2.20917896104594336E+00 -1.19185511354372542E+00 
           3
  0.34030099999999974        3.1596009999999999        1.0866009999999997     
   0.0000000000000000        0.0000000000000000        0.0000000000000000     
          44
  8.42655862203721284E+00 -1.94213445267630735E+00 -5.18026454332552522E+00  3.15713749157407975E+00 -1.48820842601364023E-01 -6.44727711500197809E-01  1.65486004760572003E+00 -1.35482707436677363E+00 -4.24239236069592018E-01  8.10017073155800293E-01  2.27183955655769820E-01  1.59871379432107025E-01 -9.62829719746358892E-01 -3.93988201091773460E-01  1.13527843143207186E+00  3.51380249645048104E-01 -1.15951213807013320E+00  1.71707398991951656E+01  7.67286289366013641E+00 -4.37981446737030922E+00 -5.49081797944963945E+00 -3.83851694266071508E+00 -1.29415971735245994E+00 -8.94988496926739374E-03  9.34933568183370367E-01  5.53726329054200939E-01 -1.04800707078920818E+00 -8.18013270034307793E-01  2.03486180717013676E+00 -4.99086249058655174E-01 -1.53617336381628711E+00  1.06274594412611512E+00 -5.17499310204534213E-01  1.40283634792461598E+00  3.66770170631415038E-01 -3.64246042420741523E+00  2.44141756059157622E+00  1.70065682799344775E+00 -3.00345111929452813E+00 -1.24113784370295610E+00 -1.04068199348287885E-01  9.80511681195769813E-01 -5.13647363999204711E-03 -6.08752732228901139E-01 
           3
   1.0000000001397780E-006   4.7856010000000007        1.7259009999999997     
   0.0000000000000000        0.0000000000000000        0.0000000000000000     
          44
  7.42256288492181149E+00 -1.75926645563834549E+00 -4.13738753962057704E+00  2.70144072697808424E+00 -1.07927270665544661E+00  3.91574012903455684E-02  2.07830387126932736E+00 -2.43731848174688315E+00 -1.97698243850525979E-01  2.24182926491874346E+00 -4.37918026640541802E-01 -1.05524910735915722E+00 -1.31793472576720055E-01 -8.66907110668895253E-02  4.73578242645661729E-01  1.35356232312038571E+00 -1.09060994755342455E+00  1.28042673036986354E+01  7.82349549619845774E+00 -1.29648076926399525E+00 -5.44353322030221154E+00 -3.73967776869771162E+00 -1.03967919518716978E+00 -1.59178420553172856E-01  5.84704559253778844E-01  9.65146522160045706E-01 -4.05117908935697990E-01 -1.33018077050722838E+00  9.63137324149860752E-01 -1.84786647788518305E-01 -1.16316898653571907E-01  1.19987403256100511E+00 -2.02448159214738332E+00  7.42001760916307873E-01  1.68325686355513615E+00 -2.50239037169721801E+00  1.62055969311243286E+00  3.12880257375176885E-01 -2.92621080897926911E+00 -1.36485461481012571E+00 -6.02940654436515788E-01  8.43289602276967698E-01  1.35409664940765828E+00  4.46465931624968559E-01 
           3
  0.37750100000000009        4.5690010000000001        9.9999999991773315E-007
   0.0000000000000000        0.0000000000000000        0.0000000000000000     
          44
  8.10467634885441157E+00 -1.84622424653643713E+00 -4.86149313458715149E+00  2.94283054597191551E+00 -3.04610771488857845E-01 -3.88459418138472401E-01  1.25745859541688909E+00 -1.79315109468298695E+00  7.92915366712679925E-01  1.66058079472904607E+00 -1.58822421216673382E+00 -1.01204486039556452E+00  8.37838318243670499E-01  5.76360619294192689E-01  5.28142586600631805E-02  2.96311631859441482E-01 -1.33451796106792275E+00  1.55856304795606455E+01  8.25898137745092420E+00 -3.40450657375794119E+00 -6.08951423852042328E+00 -2.92869740600518069E+00 -1.27782210218802894E+00 -9.45369908721059860E-02  8.87312751106856923E-01  8.46417172582966892E-01 -8.14122198512648665E-01 -1.27833252483297111E+00  1.38957827567633441E+00 -1.51522193593716326E-01 -4.75790311865893156E-01  1.13508143721073518E+00 -1.72213639080824565E+00  8.84810154448915087E-01  1.52371300447823477E+00 -2.76016051994954115E+00  1.36729005714971197E+00  3.90232700920939035E-01 -2.20712007483333439E+00 -1.31469320921072041E+00 -3.04770254269391527E-01  1.01990672010989925E+00  4.51339933606982269E-01 -7.32696737592933411E-01 
/home/linux1_i1/pan/Forschungs_praktikum/Forschungspraktikum/example_input/aspirin_2.xsf
          21           3
   0.0000000000000000     
           3
   5.4579810000000002        6.9938309999999992        3.1219510000000006     
   0.0000000000000000        0.0000000000000000        0.0000000000000000     
          44
  8.12944649158432675E+00 -1.67686344141150911E+00 -5.33159656606628740E+00  3.05043891054193583E+00  6.95997489301916961E-01 -1.57731216119677908E+00  1.03840783406121595E+00 -3.61953562768464465E-02 -8.94926440408765345E-01  7.91837006164818002E-01  7.98804853175737239E-01 -1.60230438843484180E+00  5.36448020896369671E-01  1.29198481646388652E+00 -2.64747291719142508E+00  1.48287455472499818E+00  1.95279917923694368E+00  1.56459287690235502E+01  9.60510037920281512E+00  5.45156610961414545E-01 -2.13673214435072856E+00 -1.94442149078472237E+00 -2.82738138772103964E+00  1.00751466850764970E+00  1.48429574610678072E+00 -1.10990289306194856E+00  2.26254232132510280E-01 -6.05417961800063242E-01  2.65407785889931025E-01  4.24267869222081595E-01 -1.26701899361633430E+00  1.55000436179850420E+00  7.20496279793325201E-01 -2.39181374100851363E+00  1.63415499012243837E-02  2.59327905170781570E+00 -1.86842759972531969E-02 -3.75330969637225564E+00  1.15419651097289355E+00  7.81389873218927278E-01  1.74676707491681826E+00  3.41429765959010245E+00  2.20918391375007195E+00 -1.19183324470383090E+00 
           1
   6.2306610000000004        3.7109109999999998        3.1096810000000010     
   0.0000000000000000        0.0000000000000000        0.0000000000000000     
          44
  1.16969766146291185E+01 -3.56317005624504679E+00 -7.40443150847921405E+00  6.36362750553285306E+00  5.75201765084014993E-01 -3.23457605014877680E+00  8.48875258435933588E-01  8.78310785661827631E-01  9.93357342640425411E-01 -1.52852772417857441E+00 -6.36709395691520852E-01  6.36355877037508399E-01 -2.34814951433538477E-01  2.34568665335538595E+00 -2.05375829094061491E+00 -2.20462311391135257E+00  4.59188106291424170E+00  4.04158138407631924E+01  2.03539521779201760E+00 -3.67270109234948094E+00 -2.04134170224647038E+00 -3.39323799632756096E+00 -1.72169180205935080E+00  1.20387377473990886E+00  8.28051408205281780E-01 -2.56135278122753096E+00  1.35428046921892165E+00  1.45266866975897280E+00 -3.03216587672085325E+00  1.05872215461599017E+00  2.70712011680232756E+00 -2.09460222377640903E+00 -1.79328340060495384E+00  1.57736660207292845E+00  2.05040316556865854E+00 -2.63456830796272934E+00 -1.37684755739616249E+00  4.91314295457971451E+00 -2.23147342743543486E+00 -1.00357448856245335E+00  3.70880774119105672E+00 -1.91799396245002440E+00 -2.29009195261407861E+00 -8.54242048858989689E-01 
           1
   4.3195310000000005        5.4798110000000007        2.1384710000000005     
   0.0000000000000000        0.0000000000000000        0.0000000000000000     
          44
  1.20638637152791990E+01 -3.43191651775579754E+00 -7.81850544246120016E+00  5.78366718468095886E+00  9.41299830738753007E-01 -1.98696366760056242E+00  9.30900311984701023E-01 -7.56452557194577158E-01  9.98415251240726276E-02 -2.46521911514675396E-01  1.00105381551962336E+00  3.02626454237523101E-01 -2.18638767277530999E+00  1.75666534340861635E+00 -1.14511684747047870E-01 -1.26829522895296232E+00  2.62725347130572251E+00  4.17223799274272622E+01  2.95350186726602315E+00 -5.22919443617861468E+00 -1.38696831189333014E-01 -4.14181846167812839E+00 -1.71674306635798213E+00  1.28657967682462204E+00  1.01362590821466880E+00 -2.99272461018406188E+00  5.72050611840162815E-01  2.53818985279827292E+00 -1.39199113252288909E+00 -6.70957193081952008E-01  4.83629630430504442E-01 -1.44836328618384802E-01  1.64932032276805696E-01 -1.12408453027149968E-01  1.19238832141790585E+00 -1.37919957197197873E+00 -1.76475561053648722E+00  4.02895675659140906E+00 -1.21811255694401943E+00 -6.91719288302392155E-01  3.61227168805105636E+00 -2.15252833644849195E+00 -2.60150809740529176E+00  5.26421908694846286E-01 
           3
   5.8717410000000001        1.0000000000287557E-006   2.2879910000000003     
   0.0000000000000000        0.0000000000000000        0.0000000000000000     
          44
  7.28033745358750561E+00 -7.64779646962343240E-01 -4.67829729864143751E+00  6.30817894919227795E-01  7.28320485050437338E-01  8.17906301684313997E-01  3.25060288404389552E-01 -5.23527867155152316E-01 -3.87771643883883854E-01 -4.66261338063576225E-01  1.00604059403039092E+00  6.49056570758716877E-03 -1.96663095935995097E-01 -2.58730890263562330E-01 -1.07898217588893575E+00  2.39490772933860363E+00 -3.26681085697028806E-01  9.51328074153835956E+00  7.07980009514995867E+00  2.18411686544092820E+00 -1.03001855041650714E+00 -1.42731423370024046E+00 -2.18663669969552554E+00  3.83800567640917523E-01  1.78121164390657238E+00 -5.51018176531694381E-01 -7.41076241844879857E-01 -2.29058126668062356E-01 -2.70004203300350298E-01  1.02176589801335793E+00  3.94899797433140520E-01 -9.40742162332132925E-01  4.04523439147461583E-01  1.50529843019652942E-01 -1.08077319812273109E+00  5.44681462251262682E-01  7.08576720652980274E-01 -5.63357118330831130E-01  3.91798529870968415E-01  6.14653321419296961E-01  7.61606535811423013E-01  1.05435747184312989E+00  1.12179295108962029E+00  7.04664725180843332E-01 
           1
   6.3270010000000001        5.0577109999999994        3.3849310000000004     
   0.0000000000000000        0.0000000000000000        0.0000000000000000     
          44
  1.04913516874809822E+01 -3.18375769022471600E+00 -6.12299455912347579E+00  5.17072101855654864E+00 -6.40353251254707656E-01 -1.06640108140224132E+00  1.60484627974826966E+00 -2.22119551189090858E+00  6.80694223129010734E-01  1.69778402267135897E+00 -3.09610679600905436E-01 -1.36766445414149995E+00 -8.71194597675602811E-01  2.44478753241463975E+00 -1.05911724942007268E+00 -1.16121401208180974E+00  3.07952532589048511E+00  3.12923098722439867E+01  3.25888599732899298E+00 -3.00943911005120679E+00  4.01878276791973299E-01 -2.98092910081887030E+00 -1.46949547048673668E+00  5.98655012332642289E-01  1.10826125327693559E+00 -1.24179297507671471E+00 -1.00416630756746283E-01  6.51846690232223414E-01 -5.72983476317106555E-01  2.91278533506981574E-01 -2.34167101757581930E-02  2.68560516538857152E-02  2.64641315062775717E-01 -5.94935685959004257E-01  1.37568602319551303E+00 -1.31462213320666232E+00 -1.89147789418229451E+00  4.11486383872030803E+00 -1.73317886234083574E+00 -1.82043189144081752E+00  3.75599153577126632E+00 -1.79285111476671499E+00 -2.46585085913378377E+00  2.17882376854631143E+00 
           1
   5.1681509999999999        3.2318710000000008        2.3388410000000004     
   0.0000000000000000        0.0000000000000000        0.0000000000000000     
          44
  1.34045202126811969E+01 -4.31107536989849027E+00 -9.01348502779624106E+00  8.51191712112196264E+00  8.92186896157642573E-01 -5.33516080131666115E+00  2.96638530646405085E+00  6.36383606290874870E-01 -2.00164005980700344E+00  4.59220299622534855E-01  1.27382118185416138E+00  6.37948878092003124E-02 -2.13575514839460068E+00  1.02993786954317978E+00  1.24804587696660585E+00 -1.59653384393836939E+00  1.54356774472421332E+00  5.67132646978445294E+01 -2.06964208116099213E+00 -6.58786835117046543E+00 -3.03691884774883181E-02 -4.05362615622308908E+00 -1.95321714834476667E+00  2.24546068966752532E+00 -5.03833603588357604E-01 -3.57407918939646496E+00  4.01795279579127396E+00  3.55954057233529020E-01 -3.31126967728590760E+00  2.08425129393381781E+00  1.16366062277284354E-01 -7.84452653191845761E-01  1.76928281804850984E-01 -1.87432966430880227E-01  2.14173890691728364E+00 -2.79952305757088293E+00 -1.57117780551718456E+00  6.04114890170006902E+00 -2.98992358782312051E+00  2.92720314069204457E-01 -1.27400621513563506E+00 -2.49214677857254108E+00 -1.39327437458178527E+00 -2.37190974513898345E+00 
           1
   4.2069109999999998        4.1278710000000007        1.8511310000000005     
   0.0000000000000000        0.0000000000000000        0.0000000000000000     
          44
  1.37066193293566290E+01 -4.38312094086479487E+00 -9.38760047393190966E+00  8.55873759974809900E+00  1.69133657951397209E+00 -5.26630100979504245E+00  1.39352334927809784E+00  7.05517529094334295E-01  4.33297108668170283E-02  3.59343586653953828E-01 -7.11202129395192673E-01 -5.63070456803045238E-01  1.00950321258403891E-01  2.63686107998365138E+00 -2.07351350040392113E+00 -3.12028013999786680E+00  5.80378518779664887E+00  5.97921422689991715E+01 -1.90005898008871221E+00 -9.03252083064772826E+00  6.51494985435944951E+00 -3.28803386701352363E+00 -1.90923572493734683E+00  2.24733972680891592E+00 -3.80537573464915790E-01 -4.14184032323074369E+00  4.19150099530489495E+00  1.98287703127079928E+00 -5.05736573915709364E+00  4.54813460798136227E-01  3.47890369343687444E+00 -6.81764754271500628E-01 -2.76754288735578502E+00  8.42807079731905051E-01  2.74009309022290815E+00 -2.64088619775856159E+00 -4.10216396220775936E-01  3.23256887922577096E+00 -3.62433150399513515E+00  2.72057350616720206E-01 -1.03728570824612176E+00 -2.92578918426907775E+00 -6.95927755707628548E-01 -2.74451340230912733E+00 
           2
   4.1343410000000000        1.3794610000000000        1.3683010000000002     
   0.0000000000000000        0.0000000000000000        0.0000000000000000     
          44
  1.13644600234813691E+01 -2.40527866618591757E+00 -8.72534698747780801E+00  5.01526805674196208E+00  3.57543617591436513E+00 -4.04724180290701430E+00 -1.11944401038064550E-01  2.06210572417047366E+00 -1.20312514639126533E+00 -5.76493686172308673E-01  1.71641868172239631E+00 -1.21806048876161954E+00 -9.38670881368624976E-01  2.62901675853829753E+00 -1.40355738199063262E+00 -1.34487328796168559E+00  2.65378712077032075E+00  3.42794986998620246E+01  7.13377945946607905E+00 -4.73022260012369156E+00 -1.72238660600302551E+00 -5.29943284712035823E+00 -1.92130477199411653E+00  1.17684869839863060E+00  8.72871633668102831E-01 -1.97371449761461482E+00  5.01661811538381519E-01  7.68189543129706998E-01 -2.83288685248267558E-01 -1.71490951240422879E-01 -2.34990436768080235E-02  8.22873012711736296E-01 -1.30117389094963576E+00 -6.12122257825122196E-01  2.48442530123577843E+00 -6.91454470915566999E-01 -1.41294194575729581E+00  7.11262453265584016E-01 -2.89087168475751555E-01  1.33642037153619830E-02  2.54511270782506127E+00  1.73970132165466551E+00 -1.78538349295710330E+00 -9.19518259046942732E-01 
           2
   2.0132010000000005        3.3779410000000003        2.9613010000000011     
   0.0000000000000000        0.0000000000000000        0.0000000000000000     
          44
  1.13583657738222428E+01 -2.26833678541955086E+00 -8.85340839488663534E+00  4.69891184442807219E+00  3.94132535601843292E+00 -3.82984436715777932E+00 -4.34315831051318879E-01  2.29550798546105650E+00 -1.48774924165943800E+00 -1.43583493996749745E+00  3.02963030622752649E+00  9.56440126129610851E-02 -3.21159340677958571E+00  1.32007142011710821E+00  1.35492845614670188E+00 -6.09882125060356106E-01 -5.91408077239742591E-02  3.36575140529952321E+01  1.08077283644685238E+01 -9.83395038704473379E+00 -4.20351044198022095E+00 -3.80049152213572095E+00 -1.82898082925252892E+00  1.07837048504559307E+00  8.96707286629321532E-01 -1.67889520413209414E+00  4.47171321788316367E-02  2.89422859859788328E-01  1.01187623345899658E+00  4.82603888210989929E-01 -2.40910318917426114E+00 -2.65396652991766180E-02  2.02789338913922901E+00  3.96087545002739683E-01 -1.16437148630948872E+00 -1.66271303806100779E+00  1.59014716093505815E+00  1.43479577076274811E+00 -1.74952273399596980E+00 -3.16080698348014499E-01  1.55740798071403863E+00 -2.13320496053540131E-03 -2.20850357285566234E+00 -1.31764539895196736E-01 
           1
  0.93537100000000040        2.6287210000000005        1.0045710000000003     
   0.0000000000000000        0.0000000000000000        0.0000000000000000     
          44
  9.16853663136533292E+00 -2.73291338821813889E+00 -4.36223160059509851E+00  3.02274831854642168E+00 -1.64115744596600011E+00  1.90872235590431094E+00 -8.89480903053830319E-02 -2.22905687388757556E+00  2.98948041229211414E+00 -1.60003324138256775E+00 -2.55717790719958371E-01  5.57856446064962985E-01 -1.67296151777314472E+00  3.67889191836209495E+00 -1.94025485953510946E+00 -2.38219852573655144E+00  3.60929675343297562E+00  2.16184206324391859E+01  1.46398804409047645E+00 -7.54395556439786574E+00  6.44627960391505450E+00 -1.49958398378484947E+00  4.70125582624547789E-01 -1.58942768447204452E+00  1.82441720774159299E+00  1.27869492544114638E+00 -3.29602402202925227E+00  1.72023291554180169E+00 -1.06614853489408717E-01 -3.94356730243947851E-01  1.42960154579094367E+00 -2.78013336830086688E+00  2.46342367783946781E+00  5.86353937064646114E-01 -3.28300620624354567E+00  2.83507847350865649E+00 -1.57232819757670117E+00  1.21208405959305821E-01  2.83089961508590537E+00 -1.30510565424959757E+00  1.60157794160821632E+00  2.29018602972841112E+00 -8.31334346267005864E-01 -1.00071919900407341E-01 
           2
   5.9853810000000003       0.93418100000000004        2.5103110000000006     
   0.0000000000000000        0.0000000000000000        0.0000000000000000     
          44
  9.22686104241949856E+00 -1.72209662006950159E+00 -5.84984705237278391E+00  2.13396181734412238E+00  6.66487985719124709E-01  7.04735657191876919E-01  6.40982086810812812E-01 -1.62994752571856116E+00 -5.01300232934603907E-01  9.08357796920824967E-01  1.63208620173965313E+00 -2.27736421630768460E+00 -1.25717951171277287E+00  3.80654823513488916E+00 -1.34280307289083667E+00 -1.77287513318183065E+00  2.24041287393608002E+00  1.89893633059528284E+01  5.11461383819719195E+00  3.97135777809023871E-01 -1.60682772966348342E+00 -6.51686504107785392E-01 -1.78693977713617902E+00  2.64616798868824055E-01  2.13911386318746732E+00 -1.04238532370809844E+00 -1.87035095801988382E+00  9.64424247029632697E-01  6.36615023425163518E-01  7.40367035632706783E-01 -5.59096204705290978E-01 -1.24358079615651462E+00  9.79426317713210426E-01 -5.20108564383775618E-01  4.45425624889767391E-01  7.16552093276737967E-01 -1.47090566727445649E+00  1.49188866485347815E+00 -6.85732371376324146E-01 -6.18068818556519961E-01  3.57875582359626732E+00  2.03683601123943880E+00 -1.55418746225912757E-01 -5.14553601222383028E-01 
           1
   5.0592810000000004        1.7921210000000003        2.0395410000000003     
   0.0000000000000000        0.0000000000000000        0.0000000000000000     
          44
  1.19736980935058721E+01 -3.13217585949565080E+00 -8.10987753993991589E+00  5.23691150006733164E+00  1.76054837617856319E+00 -1.39663654480347410E+00 -1.59068526839665575E-01 -1.65593426390478715E+00  1.71558420516261845E+00  4.50916938131371126E-01 -8.35947880790919085E-01  5.39153309191540475E-01 -1.55832536677475586E+00  1.65203770535530414E+00  5.77747305437712577E-01 -2.93163987830552264E+00  2.83381337909773112E+00  4.00213063704954521E+01  2.23125741520880139E+00 -4.00734093383581946E+00  3.66739855908865597E-01 -4.22734886398341558E+00 -1.38668323334485422E+00  9.69918841701453371E-01  9.20660399724695377E-01 -2.09153430170531163E+00 -3.88022810314555044E-01  1.96454789392705353E+00  8.75333699659958886E-01 -1.77829465131698017E+00 -1.73479478345411731E+00  2.10536749509135124E+00  1.59770044478738327E+00 -1.85843307173645078E+00 -7.90113135461597782E-01  3.76943690508676488E-01  9.88682153435081146E-01  7.95395140614831408E-01 -2.31491041818918175E+00 -5.59501385749468061E-01  3.64740407880830331E+00  2.04779884241115845E-01 -4.29757117257892507E-01  9.03962640977156506E-01 
           1
   2.0787910000000003        3.2542610000000001        1.7612210000000004     
   0.0000000000000000        0.0000000000000000        0.0000000000000000     
          44
  1.19783469122391697E+01 -3.54116390689732841E+00 -7.54393865369099359E+00  6.11907922630642886E+00 -5.19450939478781626E-02 -1.99588448581549160E+00  2.53956819765585395E+00 -1.84476052352659647E+00 -7.46507598519183135E-01  1.10261699209882624E+00  5.27257911561556547E-01  5.01141623421804239E-01 -2.22235648956287779E+00  2.08499535778451678E-01  2.13793573949416515E+00 -5.12480550380019162E-01 -9.78326527241053956E-01  4.14533879552401672E+01 -7.31334681128104402E-01 -6.19314717369862588E+00  2.19918976389884513E+00 -8.30639061234771958E+00 -7.07803393680779158E-01  1.74248265977923367E-01  8.47311385287393692E-01 -2.26241574168924986E-01 -1.54252866190882232E+00  1.58377592138684298E-01  2.65833379212852039E+00 -8.85269797985621554E-01 -2.74219184527638848E+00  2.12363762398233202E+00  6.13288401924896531E-01 -1.94133946868726537E+00  2.38648638083983800E+00 -6.80499810143819550E-01 -3.31010031928001069E+00  3.73606782946405724E+00  1.26952233529144398E+00 -1.88346997148888651E+00  2.65273651179254966E+00 -3.65193083090236070E-01 -2.43532225787396950E+00  1.05735066367595332E-01 
           3
   6.9776410000000011        3.0273610000000004        3.4853210000000008     
   0.0000000000000000        0.0000000000000000        0.0000000000000000     
          44
  9.77753161133545845E+00 -2.14789670020629542E+00 -7.01275422490346934E+00  4.16576084678314107E+00  2.25595318343063500E+00 -2.78247030448480048E+00 -1.13945307306920207E-02  8.83209688732163101E-01 -5.67380521089194789E-01  3.43932302961224512E-01  1.09374560572897295E+00 -1.61954799312624598E+00 -6.56943513726982453E-02  1.47040551522233232E+00 -2.24586235392403166E+00  1.52367121554026608E+00  2.20227716050940803E+00  2.48349391287929038E+01  9.89616611342187902E+00 -1.96868396275615409E+00 -1.73633446294265870E+00 -2.30416928465202409E+00 -3.18829910374817915E+00  1.59863615843748197E+00  1.55216033592179703E+00 -2.61273182906662527E+00  7.96933502697389606E-01  1.02100277527586547E+00 -8.71582647940366106E-01 -3.66679171222348277E-01  7.24117106044416259E-02  1.00921826519827595E+00 -2.21075983314309721E-01 -7.13091646686467184E-01 -4.73949315592062104E-02  3.92684419804013196E-01  1.15642529307756425E+00 -1.83113317318495672E+00 -5.97492197036778694E-01  2.37855160649263064E+00  3.41795574707389571E+00  2.75684358337156743E+00 -1.23324656993061010E+00 -1.04857715557499387E+00 
           3
   3.5813010000000003        6.1738310000000007        1.7646910000000005     
   0.0000000000000000        0.0000000000000000        0.0000000000000000     
          44
  1.03026753829230575E+01 -1.83331192387921416E+00 -7.68749116513736475E+00  3.23312225870771597E+00  3.08794723055636666E+00 -1.54018733568034949E+00 -7.05053218784575497E-01 -1.77495433139691072E-02 -1.63585335674079180E-01  5.63112905449318468E-01  1.07109365250600153E+00 -1.43776258176112237E+00 -7.16430813380608655E-01  1.38179479942347117E+00 -6.78143438011056476E-01  1.16081777351476623E+00 -1.85393983572631371E-01  2.56599093419468751E+01  1.14519197352897955E+01 -3.06856412791462141E+00 -2.58169800101077573E+00 -2.49456073806219969E+00 -3.20060179169728976E+00  1.74398275943538827E+00  1.76268989860614189E+00 -3.07703678394370517E+00  2.41658811986540552E-02  1.75292678475621733E+00  5.23945954312178164E-01 -1.25276304664806637E+00 -1.53543920575990933E+00  2.10058710185171771E+00  1.09723408269101208E+00 -2.00234036056310005E+00 -7.19158466742705893E-01  1.50931280276458102E+00  7.75362562080469053E-01 -2.41126668681702760E+00  1.09005727841900812E+00  3.06148590046870250E+00  3.36881519938555396E+00  2.16242986017273120E+00 -7.12571348185290665E-01 -1.30235585047544222E+00 
           3
   7.1485310000000011        5.4270410000000000        3.9808110000000001     
   0.0000000000000000        0.0000000000000000        0.0000000000000000     
          44
  8.13004030794743215E+00 -1.71886633106035736E+00 -5.45249693462665697E+00  2.95487460890421660E+00  8.24604481148429991E-01 -1.21642332824514332E+00  1.29706011880106620E+00 -1.97022133386401010E-01 -1.36034684881391188E+00  4.43422139246625324E-01  8.69587816270781300E-01 -1.18144922867218627E+00  9.18966595236194728E-01  1.27528237306852410E+00 -3.04135043355267332E+00  1.09782739510594785E+00  2.00685231804838171E+00  1.57953598934295751E+01  9.66008858681391125E+00  5.90505351309496884E-01 -1.93100897780919101E+00 -1.72611017362308927E+00 -2.74773400287001079E+00  1.04864651154426824E+00  1.38126950350992628E+00 -1.35497372340797817E+00  1.44400190676420237E-01 -2.32274576029050495E-01  7.80981919880786468E-01  3.69771393222829536E-01 -1.93419077114354110E+00  1.17793397851613513E+00  1.19520386629397835E+00 -1.82223116768655546E+00 -2.65560372515053322E-01  1.83449971847229287E+00 -6.57610945616357023E-02 -2.89324465999462443E+00  1.74326221545550553E+00  7.95771297229191710E-01  1.76537480014186610E+00  3.41698434510714621E+00  2.15704766177871754E+00 -1.22977250545723238E+00 
           1
   5.3745810000000001        5.9398510000000009        2.9013610000000005     
   0.0000000000000000        0.0000000000000000        0.0000000000000000     
          44
  1.05759386182275037E+01 -3.11076227709218367E+00 -6.10865641793095726E+00  5.01113257326465167E+00 -9.60511964502310023E-01 -1.09753458014255978E+00  2.19236730400542612E+00 -1.65846758184888832E+00  3.54289134330326938E-01  7.73465141288673830E-01 -7.11339149402213544E-01 -7.91526537198223856E-01 -7.43462852636037619E-02  2.60974059311445750E+00 -1.47653505171446930E+00 -1.66204117021314968E+00  2.91420911836501650E+00  3.08018613058942776E+01  3.18424356965890132E+00 -3.26168163257869814E+00  2.09703480433454437E-01 -3.47917484250814990E+00 -1.49615675942610471E+00  6.14841275729534731E-01  1.23180317430826669E+00 -1.19757777753595218E+00 -4.50093866572429613E-01  2.72099193535245587E-01 -1.41598147170901273E-01  1.18839003323327241E+00 -1.32476034619797955E-01 -1.04313465779523518E+00 -3.81444799776245458E-02  6.38949272182443573E-02  1.52825797729118418E+00 -1.63955096187704807E+00 -1.39358000222422129E+00  4.89763490886801112E+00 -2.50784362115042914E+00 -1.69765703658264577E+00  3.96624812364534218E+00 -1.77663850324966099E+00 -2.54781426221498508E+00  1.48058709779537923E+00 
           3
   1.0880510000000001        1.5513110000000006       0.94102100000000011     
   0.0000000000000000        0.0000000000000000        0.0000000000000000     
          44
  8.42655413617186255E+00 -1.94212636720205611E+00 -5.18027716493565649E+00  3.15714209587869910E+00 -1.48805604923350376E-01 -6.44757369011351611E-01  1.65488390143072861E+00 -1.35481836920411980E+00 -4.24274596522224878E-01  8.10038188001724113E-01  2.27188222682202567E-01  1.59858591339186090E-01 -9.62823086324658295E-01 -3.93982856343589594E-01  1.13527170161433766E+00  3.51377880441425927E-01 -1.15949115170629735E+00  1.71707091128512381E+01  7.67287106415223708E+00 -4.37978346977592281E+00 -5.49081384621398261E+00 -3.83852646505488071E+00 -1.29415984900560588E+00 -8.94968296379154357E-03  9.34932688482127072E-01  5.53722873125641613E-01 -1.04799491768516417E+00 -8.18021141303566179E-01  2.03485052844891712E+00 -4.99058898863148193E-01 -1.53620088058125170E+00  1.06275473613383675E+00 -5.17468246295539003E-01  1.40276768109360361E+00  3.66820076165332076E-01 -3.64244116381147531E+00  2.44133425563407069E+00  1.70075087562486660E+00 -3.00347817727770572E+00 -1.24113398645571649E+00 -1.04065366352345215E-01  9.80519292864679981E-01 -5.12544599936708579E-03 -6.08752483936134015E-01 
           2
   3.1705810000000008        3.6744410000000003        1.1014010000000001     
   0.0000000000000000        0.0000000000000000        0.0000000000000000     
          44
  1.29138932457905877E+01 -3.67444639318359423E+00 -9.24453014775684778E+00  7.46147579926485260E+00  2.23590720398973941E+00 -5.21777372389550465E+00  1.84519796753650134E+00  1.21685499057891966E+00 -2.36471124703158830E+00  1.01933231008800806E+00  2.33906930050766038E+00 -2.73042834817245517E+00 -1.78514213940710720E+00  4.79285859040606166E+00 -1.32024549573223271E+00 -4.22975585730121040E+00  4.97849664341152742E+00  5.01760192598682906E+01  3.05373165995530149E+00 -9.93955144755453190E+00  6.23979951893932050E+00 -2.69698028459051820E+00 -2.29558772244114584E+00  1.90948870420801819E+00  3.62879412962416326E-01 -3.15828464117799701E+00  2.27537232675497991E+00  7.78679723346107355E-01 -1.39488744940440945E+00  9.08040607156469060E-01 -1.52491350728168440E+00  3.45807060248838449E-01  2.37830979438156964E+00 -1.51097016223954883E+00 -1.50963410004903764E+00  4.38284301895678463E-01  2.33421571404377559E+00  3.00757314746128990E-02 -4.36095623194589255E+00  5.42630329568769443E-01  2.35940231760498165E+00 -1.56356763235988261E+00  1.82514909683778215E+00 -9.16724737350938956E-01 
           3
   1.0000000001397780E-006   2.8330610000000003        1.5255510000000008     
   0.0000000000000000        0.0000000000000000        0.0000000000000000     
          44
  7.42255812542775928E+00 -1.75926002307311458E+00 -4.13739749529824952E+00  2.70144500761536310E+00 -1.07925684396421584E+00  3.91297973151914780E-02  2.07831790083438239E+00 -2.43730492968404011E+00 -1.97727714546502176E-01  2.24184659527368213E+00 -4.37915040958901547E-01 -1.05527085857009717E+00 -1.31764698741538455E-01 -8.66789203135687608E-02  4.73530302094980093E-01  1.35357152420927118E+00 -1.09056243454942337E+00  1.28042447399226837E+01  7.82349053101976910E+00 -1.29646026859367414E+00 -5.44351618272320970E+00 -3.73968591302970133E+00 -1.03967967022210073E+00 -1.59178064832816324E-01  5.84703116348555541E-01  9.65145089214381136E-01 -4.05108312896468814E-01 -1.33018733882867135E+00  9.63131736298789787E-01 -1.84773038362242070E-01 -1.16340997749113523E-01  1.19989232283031422E+00 -2.02445785236045372E+00  7.41946535257650086E-01  1.68329382243751624E+00 -2.50238356950820418E+00  1.62050421100919917E+00  3.12963619322335573E-01 -2.92624675751584151E+00 -1.36485111439448925E+00 -6.02937257456841458E-01  8.43295980338865769E-01  1.35411154250739085E+00  4.46484334842843278E-01 
           3
  0.89111100000000043        3.0493809999999999        1.0000000001397780E-006
   0.0000000000000000        0.0000000000000000        0.0000000000000000     
          44
  8.10467723816624286E+00 -1.84621988598090891E+00 -4.86150499418835658E+00  2.94283562494774475E+00 -3.04593540510356975E-01 -3.88487427578930233E-01  1.25746627548183776E+00 -1.79312737212693629E+00  7.92886727502455035E-01  1.66058659813257226E+00 -1.58821466116635035E+00 -1.01206536577423600E+00  8.37870333099046127E-01  5.76362780243370065E-01  5.27570631936217227E-02  2.96347297613551275E-01 -1.33448096203562505E+00  1.55856301447373387E+01  8.25898637436491434E+00 -3.40449551038033604E+00 -6.08951354399921563E+00 -2.92871597510864623E+00 -1.27782444582426113E+00 -9.45354966842952282E-02  8.87310691116755534E-01  8.46418917862081122E-01 -8.14112339216402137E-01 -1.27834664728183700E+00  1.38957439412537820E+00 -1.51509179790909082E-01 -4.75805658216565286E-01  1.13510489350062516E+00 -1.72212942306346273E+00  8.84754986860737391E-01  1.52375226879159786E+00 -2.76014434521669827E+00  1.36723815885384692E+00  3.90288437679031319E-01 -2.20713334564556396E+00 -1.31468998904904311E+00 -3.04764112686595423E-01  1.01992049518475691E+00  4.51355867707623981E-01 -7.32692200495970281E-01 
